LGCP,2022-03
LGCP,2022-02
LGCP,2022-01
LGCP,2021-12
LGCP,2021-11
LGCP,2021-10
LGCP,2021-09
LGCP,2021-08
LGCP,2021-07
LGCP,2021-06
LGCP,2021-05
LGCP,2021-04
LGCP,2021-03
LGCP,2021-02
LGCP,2021-01
LGCP,2020-12
LGCP,2020-11
LGCP,2020-10
LGCP,2020-09
LGCP,2020-08
LGCP,2020-07
LGCP,2020-06
LGCP,2020-05
LGCP,2020-04
LGCP,2020-03
LGCP,2020-02
LGCP,2020-01
LGCP,2019-12
LGCP,2019-11
LGCP,2019-10
