FAGR,2017-04
FAGR,2017-03
FAGR,2017-02
FAGR,2017-01
FAGR,2016-12
FAGR,2016-11
FAGR,2016-10
FAGR,2016-09
FAGR,2016-08
FAGR,2016-07
FAGR,2016-06
FAGR,2016-05
FAGR,2016-04
FAGR,2016-03
FAGR,2016-02
FAGR,2016-01
FAGR,2015-12
FAGR,2015-11
FAGR,2015-10
FAGR,2015-09
FAGR,2015-08
FAGR,2015-07
FAGR,2015-06
FAGR,2015-05
FAGR,2015-04
FAGR,2015-03
FAGR,2015-02
FAGR,2015-01
FAGR,2014-12
FAGR,2014-11
FAGR,2014-10
FAGR,2014-09
FAGR,2014-08
FAGR,2014-07
FAGR,2014-06
FAGR,2014-05
FAGR,2014-04
FAGR,2014-03
FAGR,2014-02
FAGR,2014-01
FAGR,2013-12
FAGR,2013-11
FAGR,2013-10
FAGR,2013-09
FAGR,2013-08
FAGR,2013-07
FAGR,2013-06
FAGR,2013-05
FAGR,2013-04
FAGR,2013-03
FAGR,2013-02
FAGR,2013-01
FAGR,2012-12
FAGR,2012-11
FAGR,2012-10
FAGR,2012-09
FAGR,2012-08
FAGR,2012-07
FAGR,2012-06
FAGR,2012-05
FAGR,2012-04
FAGR,2012-03
FAGR,2012-02
FAGR,2012-01
FAGR,2011-12
FAGR,2011-11
FAGR,2011-10
FAGR,2011-09
FAGR,2011-08
FAGR,2011-07
FAGR,2011-06
FAGR,2011-05
FAGR,2011-04
FAGR,2011-03
FAGR,2011-02
FAGR,2011-01
FAGR,2010-12
FAGR,2010-11
FAGR,2010-10
FAGR,2010-09
FAGR,2010-08
FAGR,2010-07
FAGR,2010-06
FAGR,2010-05
FAGR,2010-04
FAGR,2010-03
FAGR,2010-02
FAGR,2010-01
FAGR,2009-12
FAGR,2009-11
FAGR,2009-10
FAGR,2009-09
FAGR,2009-08
FAGR,2009-07
FAGR,2009-06
FAGR,2009-05
FAGR,2009-04
FAGR,2009-03
FAGR,2009-02
FAGR,2009-01
FAGR,2008-12
FAGR,2008-11
FAGR,2008-10
FAGR,2008-09
FAGR,2008-08
FAGR,2008-07
FAGR,2008-06
FAGR,2008-05
FAGR,2008-04
FAGR,2008-03
FAGR,2008-02
FAGR,2008-01
FAGR,2007-12
FAGR,2007-11
FAGR,2007-10
FAGR,2007-09
FAGR,2007-08
FAGR,2007-07
FAGR,2007-06
FAGR,2007-05
FAGR,2007-04
FAGR,2007-03
FAGR,2007-02
FAGR,2007-01
FAGR,2006-12
FAGR,2006-11
FAGR,2006-10
